      2213
      2049
      2691
      2847
      1604
     29228
     13068
      9507
     11271
     12048
     47559
     40848
     50661
     56537
     42470
     96435
     91011
    113189
     97436
     77383
    224649
    156359
    234515
    126960
    249214
         2
         4
       778
        99
        22
     12460
      8423
      5367
      4526
      8871
     41759
     26181
     34890
     57696
     31444
     77247
    100765
     96165
    138590
     88641
    169536
    146114
    197306
    157705
    206283
         0
         0
         0
         0
         0
      1531
      5799
      3043
      5507
      8671
     32679
     23328
     39345
     25515
     31479
     84046
     95791
    104400
     86863
     85669
    159863
    140864
    107238
    142322
    145004
         0
         0
         0
         0
         0
      1931
      9145
      2537
       836
      4710
     30796
     47300
     35161
     38001
     25627
     99418
     75514
     70746
     50585
     64676
    186702
    151254
    162021
    191600
    129309
         0
         0
         0
         0
         0
         0
      2933
         0
     10249
      2276
     38461
     26117
     44906
     22311
     16381
     43857
     78716
     74889
    114273
    110642
     90032
    131158
    113177
    150638
    120457
