      6834
      7258
      5069
      5371
      6311
     69227
     60923
     69470
     49157
     62117
    210394
    265533
    211520
    180263
    197489
    457972
    375726
    588095
    520346
    446840
    958324
    595057
    584584
    803816
    635421
         8
       862
        27
       606
        50
     32405
     38233
     45784
     34594
     27889
    139977
    225846
    119935
    191196
    171877
    531663
    484454
    381651
    404830
    376293
    877497
    675899
    816346
    713482
    647494
         0
         0
         0
         0
         0
     20150
     19408
     30198
     12534
     36060
    126781
    122268
    151409
    137110
     83135
    283439
    464983
    459282
    384125
    282361
    688755
    660254
    672055
    629794
    619390
         0
         0
         0
         0
         0
     12359
      3985
      9383
       421
      3251
    116191
    146008
     95183
     93810
    132928
    312856
    372665
    367239
    330627
    381336
    548745
    692496
    725606
    670213
    495274
         0
         0
         0
         0
         0
         0
     13435
       888
      7167
      2321
    211446
    239654
    150663
    222763
    112850
    433241
    386625
    306091
    352315
    317162
    537432
    634421
    439748
    495652
    620848
