       956
      1350
       573
      2238
       990
      7419
      6955
      7322
     17443
     10419
     18657
     20722
     31941
     16280
     29486
     77857
     82458
     78441
     81381
     68387
     81428
    103502
    140296
    125436
    134103
       108
        64
        15
        47
        98
      7275
      4553
      7110
      3124
      5445
     23601
     20033
     28299
     23331
     21404
     62409
     86465
     71723
     84709
     71793
     68628
    119106
     81389
    114221
    100663
         0
         0
         0
         0
         0
      2392
      2829
      6800
      5868
      4496
     24561
     17248
     25657
     29157
     18160
     70311
     70824
     84618
     89609
     73300
     94447
    119193
     73706
     83216
    101663
         0
         0
         0
         0
         0
       821
       358
      1186
       628
      1028
     13402
     21224
     13505
     29669
     11890
     54649
     47897
     60975
     65070
     48409
    130041
    118233
    115694
    105268
    162174
         0
         0
         0
         0
         0
         0
      1136
      4878
         0
         0
     36482
     23781
     32172
     23925
     17239
     51771
     57049
     29812
     72123
     74936
    127047
     86757
     80161
     77966
    110018
